C++:
0000   42 00 00 00 00 00 42 00 00 00 00 01 08 00 45 00
0010   00 b5 45 fb 40 00 40 11 a0 3c 2a 00 00 01 2a 00
0020   00 00 10 92 10 92 00 a1 85 66
                                     01 00 00 01 01 00
0030   00 00 00 00 00 00 00 00 00 00 01 00 00 00 00 00
0040   00 00 01 01 00 00 00 01 00 00 00 01 00 00 00 01
0050   00 00 00 01 00 00 00 01 00 00 00 01 00 00 00 01
0060   00 00 00 01 00 00 00 01 00 00 00 01 00 00 00 01
0070   00 00 00 01 00 00 00 01 00 00 00 01 00 00 00 01
0080   00 00 00 01 00 00 00 01 00 00 00 01 00 00 00 01
0090   00 00 00 01 00 00 00 01 00 00 00 01 00 00 00 01
00a0   00 00 00 01 00 00 00 01 00 00 00 01 00 00 00 01
00b0   00 00 00 01 00 00 00 01 00 00 00 01 00 00 00 01
00c0   00 00 00


PY:
0000   42 00 00 00 00 00 42 00 00 00 00 01 08 00 45 00
0010   00 b5 e8 51 40 00 40 11 fd e5 2a 00 00 01 2a 00
0020   00 00 10 92 10 92 00 a1 85 66
                                     01 00 00 01 01 00
0030   00 00 00 00 00 00 00 00 00 00 01 00 00 00 00 00
0040   00 00 01 01 00 00 00 01 00 00 00 01 00 00 00 01
0050   00 00 00 01 00 00 00 01 00 00 00 01 00 00 00 01
0060   00 00 00 01 00 00 00 01 00 00 00 01 00 00 00 01
0070   00 00 00 01 00 00 00 01 00 00 00 01 00 00 00 01
0080   00 00 00 01 00 00 00 01 00 00 00 01 00 00 00 01
0090   00 00 00 01 00 00 00 01 00 00 00 01 00 00 00 01
00a0   00 00 00 01 00 00 00 01 00 00 00 01 00 00 00 01
00b0   00 00 00 01 00 00 00 01 00 00 00 01 00 00 00 01
00c0   00 00 00
